8
172.8618006256641 -22.630508252861986 83.31370796570259
32.219927980259314 -102.73890427570825 -134.74816400301376
-199.96239185631086 -62.746415618773455 0.3090189506626766
-59.320519210863075 17.361980403864266 218.37089091944068
90.57003032192732 225.728285457006 -22.48952121565844
6.18490673468764 177.66324784333682 -153.3266443968944
-133.124485167275 201.65874103744545 -72.29233462466875
-48.739361580021686 249.72377865115814 58.54478855655941
6
0 1 2 3
4 5 6 7
0 1 5 4
1 2 6 5
2 3 7 6
3 0 4 7
